1744884884
1744882089
1744687541
1744456304
1744446819
1743791425
1743263104
1742019185
1740557273
1739500119
1738507254
1737397577
1737384774
1737378717
1737372815
1737366645
1737018613
1736514316
1736512470
1736510368
1735857216
1734546758
1733199203
1731864190
1730861872
1729652797
1728600868
1727686626
1726593403
1725032394
1725021333
1724997640
1723733403
1723721841
1722448478
1721292959
1721292132
1720100138
1720044836
1719604239
1719603004
1719601460
1719599345
1717718465
1717576582
1715891008
1715885421
1715884333
1715878623
1715799788
1714704067
1714700056
1714695336
1714691070
1714682695
1713389857
1711623457
1711156046
1710762983
1710756081
1710692265
1710691375
1709447726
1708302932
1708299505
1706987329
1705690977
1705688215
1704389597
1703286289
1703215106
1702137053
1700785195
1699898645
1699768840
1699761476
1699751777
1699746410
1699655282
1699625557
1699486309
1698508630
1698507716
1698507027
1698506320
1698505646
1698491292
1698322883
1697071532
1696637408
1695535639
1695534326
1695124885
1694925145
1694923926
1694922319
1694921649
1694918304
1694917101
1694789778
1694272042
1692757383
1692352707
1690183860
1690183647
1690183388
1688962186
1688960595
1688960036
1688959352
1688953314
1687875542
1687806510
1687806321
1686685346
1686300948
1686296753
1684501738
1684497088
1684495647
1684495306
1684370514
1683873658
1683270917
1683266659
1683265696
1683265215
1683263650
1683263341
1683152891
1682653872
1682629382
1681597193
1681461963
1681461253
1681448242
1680741164
1680735276
1680734847
1680728289
1679294566
1679292192
1679290953
1678566562
1678078209
1677427218
1677426906
1677425968
1676898125
1676894507
1676890423
1676881700
1676094456
1676093301
1676085823
1676070128
1675944497
1675942346
1675940250
1674826713
1674008970
1673879633
1673876022
1673745374
1673721900
1673718544
1672762881
1672758636
1672742813
1672443852
1672423905
1670813396
1668246376
1666701130
1666699520
1666686052
1666684596
1666080266
1666077320
1666076534
1663444963
1663443587
1662498892
1661423507
1661420769
1661418225
1661416865
1660606124
1660365491
1660364674
1660364236
1660362972
1660362561
1660362434
1660362291
1659771488
1659766160
1659558489
1659546886
1659410937
1658213662
1658212180
1658211205
1658166819
1658166083
1658163623
1658162545
1658087781
1657130273
1657129693
1657122418
1657122173
1657073334
1657072932
1657064806
1657012238
1657008304
1655926146
1655417248
1650898806
1650891953
1650881056
1648093883
1648092087
1648089403
1642919651
1642883006
1642882853
1642881590
1642210663
1642102872
1642055867
1642052458
1642051502
1641538425
1641521896
1641376655
1641375809
1641342913
1641214811
1641213993
1641199516
1641196953
1639076893
1639030785
1639029292
1639020491
1639013313
866741418
702403984
699589281
693825225
693689160
